0 1044 940     # 3 2 +5 5
1 536 256      # 2 1 +3 8
0 Halt         #     -5 3
2 437 128      # 1 1 +2 5
3 434 414      # 1 1 +2 7
2 Halt         #     -2 5
4 972 278      # 2 1 +3 8
3 Halt         #     -2 6
1 Halt         #     -3 3
4 Halt         #     -3 0
5 2048 2048    # 4 4 +8 8
5 Halt         #     -8 0
6 100 100      # 1 1 +2 2
7 1000 500     # 2 1 +3 5
6 Halt         #     -2 3
8 536 256      # 2 1 +3 6
7 Halt         #     -3 3
9 401 1234     # 1 3 +4 7
8 Halt         #     -3 4
10 1000 1000   # 2 2 +4 8
9 Halt         #     -4 4
10 Halt        #     -4 0
